changes: []
close_time: 1564676254.4463146
label: subversion
open_time: 1564676246.443625
version: 1.9.3-2ubuntu1.1
