changes: []
close_time: 1564666773.6263585
label: subversion
open_time: 1564666765.6726024
version: 1.9.3-2ubuntu1.1
