changes: []
close_time: 1564666746.7825747
label: subversion
open_time: 1564666738.812088
version: 1.9.3-2ubuntu1.1
