changes: []
close_time: 1564676309.100396
label: subversion
open_time: 1564676301.1649952
version: 1.9.3-2ubuntu1.1
