changes: []
close_time: 1564666733.3318603
label: subversion
open_time: 1564666725.3530753
version: 1.9.3-2ubuntu1.1
