changes: []
close_time: 1564676240.981826
label: subversion
open_time: 1564676233.059717
version: 1.9.3-2ubuntu1.1
