changes: []
close_time: 1564666760.2085366
label: subversion
open_time: 1564666752.2301412
version: 1.9.3-2ubuntu1.1
