changes: []
close_time: 1564676267.8450387
label: subversion
open_time: 1564676259.918445
version: 1.9.3-2ubuntu1.1
