changes: []
close_time: 1564666707.4277427
label: subversion
open_time: 1564666699.4529338
version: 1.9.3-2ubuntu1.1
