changes: []
close_time: 1564666787.0534964
label: subversion
open_time: 1564666779.1255252
version: 1.9.3-2ubuntu1.1
