changes: []
close_time: 1564666813.8931975
label: subversion
open_time: 1564666805.9547057
version: 1.9.3-2ubuntu1.1
