changes: []
close_time: 1564676282.3787334
label: subversion
open_time: 1564676274.4267576
version: 1.9.3-2ubuntu1.1
