changes: []
close_time: 1564676349.6575642
label: subversion
open_time: 1564676341.369281
version: 1.9.3-2ubuntu1.1
