changes: []
close_time: 1564666800.46059
label: subversion
open_time: 1564666792.5049357
version: 1.9.3-2ubuntu1.1
