changes: []
close_time: 1564676295.7378612
label: subversion
open_time: 1564676287.835566
version: 1.9.3-2ubuntu1.1
