changes: []
close_time: 1564676322.4912777
label: subversion
open_time: 1564676314.5408378
version: 1.9.3-2ubuntu1.1
